admin0000
admin12345
admin1234
admin
adminadmin
administrator
administratr
wifiwifi
wlanwlan
wifi0000
wlan0000
wifipass
key12345
12345key
Qwerty1234
Qwertyuiop
Password
Password1234
Pass1234
qqqqqqqq
20202020
12342020
00000000
00000001
00000002
00000003
00000004
00000005
00000006
00000007
00000008
00000009
00000010
QWERTYUIOP
qwertyuiop
qwerty123
qwerty1234
1234qwerty
123qwerty
12345qwerty
1234qwertyuiop
12345qwertyuiop
1234567890wertyuiop
qwertyuiop1234567890
ytrewq1234
QWERTY1234
QWERTY12345
QWERTY1234567890
1234QWERTY
12345QWERTY
1234567890QWERTY
ABC12345
PASSWORD1234567890
PASSWORD1234
PASSWORD0000
password
pass1234
PASSWORD
1234pass
password1234
pass0000
pass0001
12345670
123456780
01234567
12345678
123456789
1234567890
987654321
0987654321
87654321
9876543210
876543210
76543210
12341234
11223344
1122334455
1234512345
0000000000
00000000
11111111
10111213
01020304
00010203
111333555
99999999
33333333
44444444
55555555
66666666
77777777
88888888
12345678901234567890
123456789123456789
1234567812345678
09876543210987654321
987654321987654321
98765432109876543210
23232323
12121212
11110000
22220000
33330000
99990000
00001111
00002222
00003333
00009999
00666000
12300000
99887766
99123456
12349999
66144823
22574237
919999999
46374318
36545780
73307334
11695059
35189503
82727222
67081783
61454866
54079977
61113220
62503228
31107389
96218426
21548345
62267823
66601326
16046672
35747888
51644048
21249051
76746864
23682551
15268976
15706065
46182661
91338860
06883319
64866987
61612471
52099878
58997420
38066863
63396782
46109385
12345670
03643341
76442551
66655503
17198028
85907140
39831033
64459189
19700267
31655620
79329224
22238993
12345670
13210625
71149905
48563710
77799296
25555479
53455635
67598366
01923148
18479928
51493394
88701714
18923797
08598073
12345670
98443338
58674987
59097334
94114072
23220799
18553918
04327998
13344610
12345670
78324213
74593040
43834518
19977577
10459492
68054762
40600765
03429662
05880935
